World Meteorological Organization Climate Normals for 1991-2020,,,,,,,,,,,,,,,,,
Single Station Data Sheet For All Climatological Surface Parameters,,,,,,,,,,,,,,,,,
,,,,,,,,,,,,,,,,,
Station Header Record,,,,,,,,,,,,,,,,,
,,,,,,,,,,,,,,,,,
Country_Name,IRAN,,,,,,,,,,,,,,,,
Station_Name,Abadan,,,,,,,,,,,,,,,,
,,,,,,,,,,,,,,,,,
WMO_Number,Latitude,Longitude,Station_Height,,,,,,,,,,,,,,
40831,30|22|38|N,48|12|53|E,6.6,,,,,,,,,,,,,,
,,,,,,,,,,,,,,,,,
WMO Integrated Global Observing System (WIGOS) Station Identifier (if available),,,,,,,,,,,,,,,,,
0-20000-0-40831,,,,,,,,,,,,,,,,,
,,,,,,,,,,,,,,,,,
,,,,,,,,,,,,,,,,,
Principal Climatological Surface Parameters,,,,,,,,,,,,,,,,,
,,,,,,,,,,,,,,,,,
,,,,,,,,,,,,,,,,,
Parameter_Code,Parameter_Name,Units,,,,,,,,,,,,,,,
1,Precipitation_Total,mm,,,,,,,,,,,,,,,
,,,,,,,,,,,,,,,,,
WMO_Number,Parameter_Code,Calculation_Name,Calculation_Code,January,February,March,April,May,June,July,August,September,October,November,December,Annual,
40831,1,sum,4,32.9,16.2,19.5,12.6,2.7,0.1,0.0,0.0,0.0,7.7,23.2,39.6,154.5,
40831,1,NOY,98,30.0,30.0,30.0,30.0,30.0,30.0,30.0,30.0,30.0,30.0,30.0,30.0,30.0,
,,,,,,,,,,,,,,,,,
,,,,,,,,,,,,,,,,,
,,,,,,,,,,,,,,,,,
Parameter_Code,Parameter_Name,Units,,,,,,,,,,,,,,,
2,Number_of_Days_with_Precipitation_>=_1_mm,count,,,,,,,,,,,,,,,
,,,,,,,,,,,,,,,,,
WMO_Number,Parameter_Code,Calculation_Name,Calculation_Code,January,February,March,April,May,June,July,August,September,October,November,December,Annual,
40831,2,count,5,4.1,2.7,2.8,2.0,0.6,0.0,0.0,0.0,0.0,0.9,3.0,3.5,19.6,
40831,2,NOY,98,30.0,30.0,30.0,30.0,30.0,30.0,30.0,30.0,30.0,30.0,30.0,30.0,30.0,
,,,,,,,,,,,,,,,,,
,,,,,,,,,,,,,,,,,
,,,,,,,,,,,,,,,,,
Parameter_Code,Parameter_Name,Units,,,,,,,,,,,,,,,
3,Daily_Maximum_Temperature,Deg_C,,,,,,,,,,,,,,,
,,,,,,,,,,,,,,,,,
WMO_Number,Parameter_Code,Calculation_Name,Calculation_Code,January,February,March,April,May,June,July,August,September,October,November,December,Annual,
40831,3,Mean,1,18.4,21.4,26.7,33.2,40.2,45.2,46.8,46.9,43.4,36.7,26.8,20.3,33.8,
40831,3,NOY,98,30.0,30.0,30.0,30.0,30.0,30.0,30.0,30.0,30.0,30.0,30.0,30.0,30.0,
,,,,,,,,,,,,,,,,,
,,,,,,,,,,,,,,,,,
,,,,,,,,,,,,,,,,,
Parameter_Code,Parameter_Name,Units,,,,,,,,,,,,,,,
4,Daily_Minimum_Temperature,Deg_C,,,,,,,,,,,,,,,
,,,,,,,,,,,,,,,,,
WMO_Number,Parameter_Code,Calculation_Name,Calculation_Code,January,February,March,April,May,June,July,August,September,October,November,December,Annual,
40831,4,Mean,1,7.9,10.0,14.1,19.6,24.9,27.8,29.2,28.5,24.8,20.3,14.0,9.2,19.2,
40831,4,NOY,98,30.0,30.0,30.0,30.0,30.0,30.0,30.0,30.0,30.0,30.0,30.0,30.0,30.0,
,,,,,,,,,,,,,,,,,
,,,,,,,,,,,,,,,,,
,,,,,,,,,,,,,,,,,
Parameter_Code,Parameter_Name,Units,,,,,,,,,,,,,,,
5,Daily_Mean_Temperature,Deg_C,,,,,,,,,,,,,,,
,,,,,,,,,,,,,,,,,
WMO_Number,Parameter_Code,Calculation_Name,Calculation_Code,January,February,March,April,May,June,July,August,September,October,November,December,Annual,
40831,5,Mean,1,12.9,15.4,20.1,26.1,32.5,36.5,37.8,37.3,33.5,27.7,19.6,14.3,26.1,
40831,5,NOY,98,30.0,30.0,30.0,30.0,30.0,30.0,30.0,30.0,30.0,30.0,30.0,30.0,30.0,
,,,,,,,,,,,,,,,,,
,,,,,,,,,,,,,,,,,
,,,,,,,,,,,,,,,,,
Parameter_Code,Parameter_Name,Units,,,,,,,,,,,,,,,
6,Mean Sea Level Pressure,hPa,,,,,,,,,,,,,,,
,,,,,,,,,,,,,,,,,
WMO_Number,Parameter_Code,Calculation_Name,Calculation_Code,January,February,March,April,May,June,July,August,September,October,November,December,Annual,
40831,6,Mean,1,1019.9,1017.9,1014.6,1011.2,1007.1,1000.9,997.5,999.4,1005.3,1012.4,1017.3,1020.2,1010.3,
40831,6,NOY,98,30.0,30.0,30.0,30.0,30.0,30.0,30.0,30.0,30.0,30.0,30.0,30.0,30.0,
,,,,,,,,,,,,,,,,,
,,,,,,,,,,,,,,,,,
,,,,,,,,,,,,,,,,,
Parameter_Code,Parameter_Name,Units,,,,,,,,,,,,,,,
7,Mean_Vapor_Pressure,hPa,,,,,,,,,,,,,,,
,,,,,,,,,,,,,,,,,
WMO_Number,Parameter_Code,Calculation_Name,Calculation_Code,January,February,March,April,May,June,July,August,September,October,November,December,Annual,
40831,7,Mean,1,10.2,9.9,10.7,12.6,13.0,12.3,14.6,16.2,14.7,14.9,12.8,11.1,12.8,
40831,7,NOY,98,30.0,30.0,30.0,30.0,30.0,30.0,30.0,30.0,30.0,30.0,30.0,30.0,30.0,
,,,,,,,,,,,,,,,,,
,,,,,,,,,,,,,,,,,
,,,,,,,,,,,,,,,,,
Parameter_Code,Parameter_Name,Units,,,,,,,,,,,,,,,
8,Total_Number_of_Hours_of_Sunshine,hours,,,,,,,,,,,,,,,
,,,,,,,,,,,,,,,,,
WMO_Number,Parameter_Code,Calculation_Name,Calculation_Code,January,February,March,April,May,June,July,August,September,October,November,December,Annual,
40831,8,Sum,4,201.0,205.0,244.0,243.0,297.0,343.0,341.0,342.0,305.0,270.0,214.0,201.0,3206.0,
40831,8,NOY,98,26.0,26.0,27.0,26.0,26.0,26.0,26.0,27.0,27.0,27.0,27.0,27.0,23.0,
,,,,,,,,,,,,,,,,,
,,,,,,,,,,,,,,,,,
,,,,,,,,,,,,,,,,,
,,,,,,,,,,,,,,,,,
Secondary and Other Climatological Surface Parameters (add as needed),,,,,,,,,,,,,,,,,
,,,,,,,,,,,,,,,,,
,,,,,,,,,,,,,,,,,
Parameter_Code,Parameter_Name,Units,,,,,,,,,,,,,,,
10,Mean_Station-Level_Pressure,hPa,,,,,,,,,,,,,,,
,,,,,,,,,,,,,,,,,
WMO_Number,Parameter_Code,Calculation_Name,Calculation_Code,January,February,March,April,May,June,July,August,September,October,November,December,Annual,
40831,10,Mean,1,1019.0,1017.1,1013.8,1010.4,1006.3,1000.2,996.8,998.7,1004.6,1011.6,1016.5,1019.4,1009.5,
40831,10,NOY,98,30.0,30.0,30.0,30.0,30.0,30.0,30.0,30.0,30.0,30.0,30.0,30.0,30.0,
,,,,,,,,,,,,,,,,,
,,,,,,,,,,,,,,,,,
,,,,,,,,,,,,,,,,,
Parameter_Code,Parameter_Name,Units,,,,,,,,,,,,,,,
11,Boundaries_of_quintiles_of_monthly_precipitation,mm,,,,,,,,,,,,,,,
,,,,,,,,,,,,,,,,,
WMO_Number,Parameter_Code,Calculation_Name,Calculation_Code,January,February,March,April,May,June,July,August,September,October,November,December,Annual,
40831,11,Q0,6,0.0,0.0,0.0,0.0,0.0,0.0,0.0,0.0,0.0,0.0,0.0,0.0,,
40831,11,Q1,7,6.9,2.9,2.5,1.2,0.0,0.0,0.0,0.0,0.0,0.0,1.3,1.3,,
40831,11,Q2,8,26.0,8.1,8.4,3.7,0.3,0.0,0.0,0.0,0.0,0.0,7.1,27.9,,
40831,11,Q3,9,35.4,16.7,18.9,8.2,1.0,0.0,0.0,0.0,0.0,1.7,14.5,43.4,,
40831,11,Q4,10,49.9,28.2,28.0,18.4,3.4,0.0,0.0,0.0,0.0,9.2,55.4,61.3,,
40831,11,Q5,11,129.5,64.5,85.7,70.0,25.6,2.0,0.0,0.3,0.0,78.4,89.3,160.8,,
40831,11,NOY,98,30.0,30.0,30.0,30.0,30.0,30.0,30.0,30.0,30.0,30.0,30.0,30.0,,
,,,,,,,,,,,,,,,,,
Parameter_Code,Parameter_Name,Units,,,,,,,,,,,,,,,
12,Number_of_Days_with_Maximum_Temperature_>=_25_Deg_C,count,,,,,,,,,,,,,,,
,,,,,,,,,,,,,,,,,
WMO_Number,Parameter_Code,Calculation_Name,Calculation_Code,January,February,March,April,May,June,July,August,September,October,November,December,Annual,
40831,12,count,5,0.3,4.5,21.3,29.5,31.0,30.0,31.0,31.0,30.0,30.9,20.4,3.4,263.3,
40831,12,NOY,98,30.0,30.0,30.0,30.0,30.0,30.0,30.0,30.0,30.0,30.0,30.0,30.0,30.0,
,,,,,,,,,,,,,,,,,
,,,,,,,,,,,,,,,,,
,,,,,,,,,,,,,,,,,
Parameter_Code,Parameter_Name,Units,,,,,,,,,,,,,,,
12,Number_of_Days_with_Maximum_Temperature_>=_30_Deg_C,count,,,,,,,,,,,,,,,
,,,,,,,,,,,,,,,,,
WMO_Number,Parameter_Code,Calculation_Name,Calculation_Code,January,February,March,April,May,June,July,August,September,October,November,December,Annual,
40831,12,count,5,0.0,0.0,5.9,24.4,30.9,30.0,31.0,31.0,30.0,29.6,7.1,0.0,219.9,
40831,12,NOY,98,30.0,30.0,30.0,30.0,30.0,30.0,30.0,30.0,30.0,30.0,30.0,30.0,30.0,
,,,,,,,,,,,,,,,,,
,,,,,,,,,,,,,,,,,
,,,,,,,,,,,,,,,,,
Parameter_Code,Parameter_Name,Units,,,,,,,,,,,,,,,
12,Number_of_Days_with_Maximum_Temperature_>=_35_Deg_C,count,,,,,,,,,,,,,,,
,,,,,,,,,,,,,,,,,
WMO_Number,Parameter_Code,Calculation_Name,Calculation_Code,January,February,March,April,May,June,July,August,September,October,November,December,Annual,
40831,12,count,5,0.0,0.0,0.8,9.5,28.6,30.0,31.0,31.0,29.9,22.3,0.5,0.0,183.6,
40831,12,NOY,98,30.0,30.0,30.0,30.0,30.0,30.0,30.0,30.0,30.0,30.0,30.0,30.0,30.0,
,,,,,,,,,,,,,,,,,
,,,,,,,,,,,,,,,,,
,,,,,,,,,,,,,,,,,
Parameter_Code,Parameter_Name,Units,,,,,,,,,,,,,,,
12,Number_of_Days_with_Maximum_Temperature_>=_40_Deg_C,count,,,,,,,,,,,,,,,
,,,,,,,,,,,,,,,,,
WMO_Number,Parameter_Code,Calculation_Name,Calculation_Code,January,February,March,April,May,June,July,August,September,October,November,December,Annual,
40831,12,count,5,0.0,0.0,0.1,1.0,17.5,29.3,31.0,31.0,27.3,6.3,0.0,0.0,143.5,
40831,12,NOY,98,30.0,30.0,30.0,30.0,30.0,30.0,30.0,30.0,30.0,30.0,30.0,30.0,30.0,
,,,,,,,,,,,,,,,,,
,,,,,,,,,,,,,,,,,
,,,,,,,,,,,,,,,,,
Parameter_Code,Parameter_Name,Units,,,,,,,,,,,,,,,
13,Number_of_Days_with_Minimum_Temperature_<=_0_Deg_C,count,,,,,,,,,,,,,,,
,,,,,,,,,,,,,,,,,
WMO_Number,Parameter_Code,Calculation_Name,Calculation_Code,January,February,March,April,May,June,July,August,September,October,November,December,Annual,
40831,13,count,5,0.3,0.1,0.0,0.0,0.0,0.0,0.0,0.0,0.0,0.0,0.0,0.0,0.4,
40831,13,NOY,98,30.0,30.0,30.0,30.0,30.0,30.0,30.0,30.0,30.0,30.0,30.0,30.0,30.0,
,,,,,,,,,,,,,,,,,
,,,,,,,,,,,,,,,,,
,,,,,,,,,,,,,,,,,
Parameter_Code,Parameter_Name,Units,,,,,,,,,,,,,,,
14,Number_of_Days_with_Maximum_Temperature_<_0_Deg_C,count,,,,,,,,,,,,,,,
,,,,,,,,,,,,,,,,,
WMO_Number,Parameter_Code,Calculation_Name,Calculation_Code,January,February,March,April,May,June,July,August,September,October,November,December,Annual,
40831,14,count,5,0.0,0.0,0.0,0.0,0.0,0.0,0.0,0.0,0.0,0.0,0.0,0.0,0.0,
40831,14,NOY,98,30.0,30.0,30.0,30.0,30.0,30.0,30.0,30.0,30.0,30.0,30.0,30.0,30.0,
,,,,,,,,,,,,,,,,,
,,,,,,,,,,,,,,,,,
,,,,,,,,,,,,,,,,,
Parameter_Code,Parameter_Name,Units,,,,,,,,,,,,,,,
15,Number_of_Days_with_Minimum_Temperature_<_0_Deg_C,count,,,,,,,,,,,,,,,
,,,,,,,,,,,,,,,,,
WMO_Number,Parameter_Code,Calculation_Name,Calculation_Code,January,February,March,April,May,June,July,August,September,October,November,December,Annual,
40831,15,count,5,0.2,0.1,0.0,0.0,0.0,0.0,0.0,0.0,0.0,0.0,0.0,0.0,0.3,
40831,15,NOY,98,30.0,30.0,30.0,30.0,30.0,30.0,30.0,30.0,30.0,30.0,30.0,30.0,30.0,
,,,,,,,,,,,,,,,,,
,,,,,,,,,,,,,,,,,
,,,,,,,,,,,,,,,,,
Parameter_Code,Parameter_Name,Units,,,,,,,,,,,,,,,
16,Number_of_Days_with_Daily_Precipitation_>=_5_mm,count,,,,,,,,,,,,,,,
,,,,,,,,,,,,,,,,,
WMO_Number,Parameter_Code,Calculation_Name,Calculation_Code,January,February,March,April,May,June,July,August,September,October,November,December,Annual,
40831,16,count,5,2.0,1.2,1.3,0.7,0.2,0.0,0.0,0.0,0.0,0.4,1.4,2.1,9.3,
40831,16,NOY,98,30.0,30.0,30.0,30.0,30.0,30.0,30.0,30.0,30.0,30.0,30.0,30.0,30.0,
,,,,,,,,,,,,,,,,,
,,,,,,,,,,,,,,,,,
,,,,,,,,,,,,,,,,,
Parameter_Code,Parameter_Name,Units,,,,,,,,,,,,,,,
16,Number_of_Days_with_Daily_Precipitation_>=_10_mm,count,,,,,,,,,,,,,,,
,,,,,,,,,,,,,,,,,
WMO_Number,Parameter_Code,Calculation_Name,Calculation_Code,January,February,March,April,May,June,July,August,September,October,November,December,Annual,
40831,16,count,5,1.2,0.5,0.5,0.3,0.1,0.0,0.0,0.0,0.0,0.2,0.7,1.0,4.5,
40831,16,NOY,98,30.0,30.0,30.0,30.0,30.0,30.0,30.0,30.0,30.0,30.0,30.0,30.0,30.0,
,,,,,,,,,,,,,,,,,
,,,,,,,,,,,,,,,,,
,,,,,,,,,,,,,,,,,
Parameter_Code,Parameter_Name,Units,,,,,,,,,,,,,,,
16,Number_of_Days_with_Daily_Precipitation_>=_50_mm,count,,,,,,,,,,,,,,,
,,,,,,,,,,,,,,,,,
WMO_Number,Parameter_Code,Calculation_Name,Calculation_Code,January,February,March,April,May,June,July,August,September,October,November,December,Annual,
40831,16,count,5,0.0,0.0,0.0,0.0,0.0,0.0,0.0,0.0,0.0,0.0,0.0,0.1,0.1,
40831,16,NOY,98,30.0,30.0,30.0,30.0,30.0,30.0,30.0,30.0,30.0,30.0,30.0,30.0,30.0,
,,,,,,,,,,,,,,,,,
,,,,,,,,,,,,,,,,,
,,,,,,,,,,,,,,,,,
Parameter_Code,Parameter_Name,Units,,,,,,,,,,,,,,,
16,Number_of_Days_with_Daily_Precipitation_>=_100_mm,count,,,,,,,,,,,,,,,
,,,,,,,,,,,,,,,,,
WMO_Number,Parameter_Code,Calculation_Name,Calculation_Code,January,February,March,April,May,June,July,August,September,October,November,December,Annual,
40831,16,count,5,0.0,0.0,0.0,0.0,0.0,0.0,0.0,0.0,0.0,0.0,0.0,0.0,0.0,
40831,16,NOY,98,30.0,30.0,30.0,30.0,30.0,30.0,30.0,30.0,30.0,30.0,30.0,30.0,30.0,
,,,,,,,,,,,,,,,,,
,,,,,,,,,,,,,,,,,
,,,,,,,,,,,,,,,,,
Parameter_Code,Parameter_Name,Units,,,,,,,,,,,,,,,
16,Number_of_Days_with_Daily_Precipitation_>=_150_mm,count,,,,,,,,,,,,,,,
,,,,,,,,,,,,,,,,,
WMO_Number,Parameter_Code,Calculation_Name,Calculation_Code,January,February,March,April,May,June,July,August,September,October,November,December,Annual,
40831,16,count,5,0.0,0.0,0.0,0.0,0.0,0.0,0.0,0.0,0.0,0.0,0.0,0.0,0.0,
40831,16,NOY,98,30.0,30.0,30.0,30.0,30.0,30.0,30.0,30.0,30.0,30.0,30.0,30.0,30.0,
,,,,,,,,,,,,,,,,,
,,,,,,,,,,,,,,,,,
,,,,,,,,,,,,,,,,,
Parameter_Code,Parameter_Name,Units,,,,,,,,,,,,,,,
17,Number_of_Days_with_Snow_Depth_>_0_cm,count,,,,,,,,,,,,,,,
,,,,,,,,,,,,,,,,,
WMO_Number,Parameter_Code,Calculation_Name,Calculation_Code,January,February,March,April,May,June,July,August,September,October,November,December,Annual,
40831,17,count,5,0.0,0.0,0.0,0.0,0.0,0.0,0.0,0.0,0.0,0.0,0.0,0.0,0.0,
40831,17,NOY,98,30.0,30.0,30.0,30.0,30.0,30.0,30.0,30.0,30.0,30.0,30.0,30.0,30.0,
,,,,,,,,,,,,,,,,,
,,,,,,,,,,,,,,,,,
,,,,,,,,,,,,,,,,,
Parameter_Code,Parameter_Name,Units,,,,,,,,,,,,,,,
17,Number_of_Days_with_Snow_Depth_>_1_cm,count,,,,,,,,,,,,,,,
,,,,,,,,,,,,,,,,,
WMO_Number,Parameter_Code,Calculation_Name,Calculation_Code,January,February,March,April,May,June,July,August,September,October,November,December,Annual,
40831,17,count,5,0.0,0.0,0.0,0.0,0.0,0.0,0.0,0.0,0.0,0.0,0.0,0.0,0.0,
40831,17,NOY,98,30.0,30.0,30.0,30.0,30.0,30.0,30.0,30.0,30.0,30.0,30.0,30.0,30.0,
,,,,,,,,,,,,,,,,,
,,,,,,,,,,,,,,,,,
,,,,,,,,,,,,,,,,,
Parameter_Code,Parameter_Name,Units,,,,,,,,,,,,,,,
17,Number_of_Days_with_Snow_Depth_>_10_cm,count,,,,,,,,,,,,,,,
,,,,,,,,,,,,,,,,,
WMO_Number,Parameter_Code,Calculation_Name,Calculation_Code,January,February,March,April,May,June,July,August,September,October,November,December,Annual,
40831,17,count,5,0.0,0.0,0.0,0.0,0.0,0.0,0.0,0.0,0.0,0.0,0.0,0.0,0.0,
40831,17,NOY,98,30.0,30.0,30.0,30.0,30.0,30.0,30.0,30.0,30.0,30.0,30.0,30.0,30.0,
,,,,,,,,,,,,,,,,,
,,,,,,,,,,,,,,,,,
,,,,,,,,,,,,,,,,,
Parameter_Code,Parameter_Name,Units,,,,,,,,,,,,,,,
17,Number_of_Days_with_Snow_Depth_>_50_cm,count,,,,,,,,,,,,,,,
,,,,,,,,,,,,,,,,,
WMO_Number,Parameter_Code,Calculation_Name,Calculation_Code,January,February,March,April,May,June,July,August,September,October,November,December,Annual,
40831,17,count,5,0.0,0.0,0.0,0.0,0.0,0.0,0.0,0.0,0.0,0.0,0.0,0.0,0.0,
40831,17,NOY,98,30.0,30.0,30.0,30.0,30.0,30.0,30.0,30.0,30.0,30.0,30.0,30.0,30.0,
,,,,,,,,,,,,,,,,,
,,,,,,,,,,,,,,,,,
,,,,,,,,,,,,,,,,,
Parameter_Code,Parameter_Name,Units,,,,,,,,,,,,,,,
19,Number_of_Days_with_Visibility_<_50_m,count,,,,,,,,,,,,,,,
,,,,,,,,,,,,,,,,,
WMO_Number,Parameter_Code,Calculation_Name,Calculation_Code,January,February,March,April,May,June,July,August,September,October,November,December,Annual,
40831,19,count,5,0.0,0.0,0.0,0.0,0.0,0.0,0.0,0.0,0.0,0.0,0.0,0.0,0.0,
40831,19,NOY,98,30.0,30.0,30.0,30.0,30.0,30.0,30.0,30.0,30.0,30.0,30.0,30.0,30.0,
,,,,,,,,,,,,,,,,,
,,,,,,,,,,,,,,,,,
,,,,,,,,,,,,,,,,,
Parameter_Code,Parameter_Name,Units,,,,,,,,,,,,,,,
19,Number_of_Days_with_Visibility_<_100_m,count,,,,,,,,,,,,,,,
,,,,,,,,,,,,,,,,,
WMO_Number,Parameter_Code,Calculation_Name,Calculation_Code,January,February,March,April,May,June,July,August,September,October,November,December,Annual,
40831,19,count,5,0.0,0.0,0.0,0.0,0.0,0.0,0.0,0.0,0.0,0.0,0.0,0.0,0.0,
40831,19,NOY,98,30.0,30.0,30.0,30.0,30.0,30.0,30.0,30.0,30.0,30.0,30.0,30.0,30.0,
,,,,,,,,,,,,,,,,,
,,,,,,,,,,,,,,,,,
,,,,,,,,,,,,,,,,,
Parameter_Code,Parameter_Name,Units,,,,,,,,,,,,,,,
19,Number_of_Days_with_Visibility_<_1000_m,count,,,,,,,,,,,,,,,
,,,,,,,,,,,,,,,,,
WMO_Number,Parameter_Code,Calculation_Name,Calculation_Code,January,February,March,April,May,June,July,August,September,October,November,December,Annual,
40831,19,count,5,3.4,2.0,1.8,1.5,2.1,1.8,1.8,0.8,1.3,2.3,1.3,3.0,23.1,
40831,19,NOY,98,30.0,30.0,30.0,30.0,30.0,30.0,30.0,30.0,30.0,30.0,30.0,30.0,30.0,
,,,,,,,,,,,,,,,,,
,,,,,,,,,,,,,,,,,
,,,,,,,,,,,,,,,,,
Parameter_Code,Parameter_Name,Units,,,,,,,,,,,,,,,
20,Highest_Value_of_Mean_Daily_Temperature,Deg_C,,,,,,,,,,,,,,,
,,,,,,,,,,,,,,,,,
WMO_Number,Parameter_Code,Calculation_Name,Calculation_Code,January,February,March,April,May,June,July,August,September,October,November,December,Annual,
40831,20,MAX,2,21.3,23.0,30.8,34.0,40.3,42.0,43.1,42.5,40.6,35.1,28.2,22.3,43.1,
40831,20,NOY,98,30.0,30.0,30.0,30.0,30.0,30.0,30.0,30.0,30.0,30.0,30.0,30.0,30.0,
,,,,,,,,,,,,,,,,,
,,,,,,,,,,,,,,,,,
,,,,,,,,,,,,,,,,,
Parameter_Code,Parameter_Name,Units,,,,,,,,,,,,,,,
21,Lowest_Value_of_Mean_Daily_Temperature,Deg_C,,,,,,,,,,,,,,,
,,,,,,,,,,,,,,,,,
WMO_Number,Parameter_Code,Calculation_Name,Calculation_Code,January,February,March,April,May,June,July,August,September,October,November,December,Annual,
40831,21,MIN,3,3.5,6.3,10.3,15.1,22.6,30.1,33.2,33.3,26.1,18.9,8.2,4.8,3.5,
40831,21,NOY,98,30.0,30.0,30.0,30.0,30.0,30.0,30.0,30.0,30.0,30.0,30.0,30.0,30.0,
,,,,,,,,,,,,,,,,,
,,,,,,,,,,,,,,,,,
,,,,,,,,,,,,,,,,,
Parameter_Code,Parameter_Name,Units,,,,,,,,,,,,,,,
22,Highest_Value_of_Daily_Maximum_Temperature,Deg_C,,,,,,,,,,,,,,,
,,,,,,,,,,,,,,,,,
WMO_Number,Parameter_Code,Calculation_Name,Calculation_Code,January,February,March,April,May,June,July,August,September,October,November,December,Annual,
40831,22,MAX,2,27.4,32.0,41.1,43.4,48.4,52.0,52.5,51.6,50.1,44.8,37.0,29.8,52.5,
40831,22,NOY,98,30.0,30.0,30.0,30.0,30.0,30.0,30.0,30.0,30.0,30.0,30.0,30.0,30.0,
,,,,,,,,,,,,,,,,,
,,,,,,,,,,,,,,,,,
,,,,,,,,,,,,,,,,,
Parameter_Code,Parameter_Name,Units,,,,,,,,,,,,,,,
23,Lowest_Value_of_Daily_Minimum_Temperature,Deg_C,,,,,,,,,,,,,,,
,,,,,,,,,,,,,,,,,
WMO_Number,Parameter_Code,Calculation_Name,Calculation_Code,January,February,March,April,May,June,July,August,September,October,November,December,Annual,
40831,23,MIN,3,-1.8,-0.2,3.2,9.6,16.4,21.8,23.4,22.8,17.8,11.0,1.6,-1.0,-1.8,
40831,23,NOY,98,30.0,30.0,30.0,30.0,30.0,30.0,30.0,30.0,30.0,30.0,30.0,30.0,30.0,
,,,,,,,,,,,,,,,,,
,,,,,,,,,,,,,,,,,
,,,,,,,,,,,,,,,,,
Parameter_Code,Parameter_Name,Units,,,,,,,,,,,,,,,
24,Highest_Value_of_Daily_Precipitation,mm,,,,,,,,,,,,,,,
,,,,,,,,,,,,,,,,,
WMO_Number,Parameter_Code,Calculation_Name,Calculation_Code,January,February,March,April,May,June,July,August,September,October,November,December,Annual,
40831,24,MAX,2,53.0,42.0,44.0,49.0,17.1,2.0,0.0,0.3,0.0,38.4,41.4,113.0,113.0,
40831,24,NOY,98,30.0,30.0,30.0,30.0,30.0,30.0,30.0,30.0,30.0,30.0,30.0,30.0,30.0,
,,,,,,,,,,,,,,,,,
,,,,,,,,,,,,,,,,,
,,,,,,,,,,,,,,,,,
Parameter_Code,Parameter_Name,Units,,,,,,,,,,,,,,,
26,Mean_Number_of_Days_with_Thunder,count,,,,,,,,,,,,,,,
,,,,,,,,,,,,,,,,,
WMO_Number,Parameter_Code,Calculation_Name,Calculation_Code,January,February,March,April,May,June,July,August,September,October,November,December,Annual,
40831,26,Count,5,0.6,0.8,1.2,1.5,0.9,0.1,0.0,0.0,0.0,0.9,1.6,1.2,8.8,
40831,26,NOY,98,30.0,30.0,30.0,30.0,30.0,30.0,30.0,30.0,30.0,30.0,30.0,30.0,30.0,
,,,,,,,,,,,,,,,,,
,,,,,,,,,,,,,,,,,
,,,,,,,,,,,,,,,,,
Parameter_Code,Parameter_Name,Units,,,,,,,,,,,,,,,
27,Mean_Number_of_Days_with_Hail,count,,,,,,,,,,,,,,,
,,,,,,,,,,,,,,,,,
WMO_Number,Parameter_Code,Calculation_Name,Calculation_Code,January,February,March,April,May,June,July,August,September,October,November,December,Annual,
40831,27,Count,5,0.1,0.0,0.0,0.0,0.0,0.0,0.0,0.0,0.0,0.0,0.0,0.0,0.1,
40831,27,NOY,98,30.0,30.0,30.0,30.0,30.0,30.0,30.0,30.0,30.0,30.0,30.0,30.0,30.0,
,,,,,,,,,,,,,,,,,
,,,,,,,,,,,,,,,,,
,,,,,,,,,,,,,,,,,
,,,,,,,,,,,,,,,,,
Other climatological surface parameters from WMO-No. 1203 (p.5),,,,,,,,,,,,,,,,,
,,,,,,,,,,,,,,,,,
,,,,,,,,,,,,,,,,,
Parameter_Code,Parameter_Name,Units,,,,,,,,,,,,,,,
30,Cloud_Amount,okta,,,,,,,,,,,,,,,
,,,,,,,,,,,,,,,,,
WMO_Number,Parameter_Code,Calculation_Name,Calculation_Code,January,February,March,April,May,June,July,August,September,October,November,December,Annual,
40831,30,Mean,1,3.0,3.0,3.0,3.0,2.0,0.0,0.0,0.0,0.0,1.0,2.0,3.0,2.0,
40831,30,NOY,98,30.0,30.0,30.0,30.0,30.0,30.0,30.0,30.0,30.0,30.0,30.0,30.0,30.0,
,,,,,,,,,,,,,,,,,
,,,,,,,,,,,,,,,,,
,,,,,,,,,,,,,,,,,
Parameter_Code,Parameter_Name,Units,,,,,,,,,,,,,,,
34,Wind_Speed,m/sec,,,,,,,,,,,,,,,
,,,,,,,,,,,,,,,,,
WMO_Number,Parameter_Code,Calculation_Name,Calculation_Code,January,February,March,April,May,June,July,August,September,October,November,December,Annual,
40831,34,Mean,1,2.3,2.9,3.1,3.3,3.5,4.6,4.4,3.7,3.1,2.3,2.3,2.2,3.1,
40831,34,NOY,98,30.0,30.0,30.0,30.0,30.0,30.0,30.0,30.0,30.0,30.0,30.0,30.0,30.0,
,,,,,,,,,,,,,,,,,
,,,,,,,,,,,,,,,,,
,,,,,,,,,,,,,,,,,
Parameter_Code,Parameter_Name,Units,,,,,,,,,,,,,,,
36,Soil_Temperature,Deg_C,,,,,,,,,,,,,,,
,,,,,,,,,,,,,,,,,
WMO_Number,Parameter_Code,Calculation_Name,Calculation_Code,January,February,March,April,May,June,July,August,September,October,November,December,Annual,
40831,36,Mean,1,5.8,7.4,11.4,16.9,22.1,25.2,26.8,26.0,22.0,17.3,11.4,7.0,16.6,
40831,36,NOY,98,30.0,30.0,30.0,30.0,30.0,30.0,30.0,30.0,30.0,30.0,30.0,30.0,30.0,
,,,,,,,,,,,,,,,,,
,,,,,,,,,,,,,,,,,
,,,,,,,,,,,,,,,,,
Parameter_Code,Parameter_Name,Units,,,,,,,,,,,,,,,
38,Relative_Humidity,%,,,,,,,,,,,,,,,
,,,,,,,,,,,,,,,,,
WMO_Number,Parameter_Code,Calculation_Name,Calculation_Code,January,February,March,April,May,June,July,August,September,October,November,December,Annual,
40831,38,Mean,1,69.0,57.0,48.0,40.0,29.0,22.0,24.0,28.0,31.0,43.0,57.0,68.0,43.0,
40831,38,NOY,98,30.0,30.0,30.0,30.0,30.0,30.0,30.0,30.0,30.0,30.0,30.0,30.0,30.0,
,,,,,,,,,,,,,,,,,
,,,,,,,,,,,,,,,,,
,,,,,,,,,,,,,,,,,
Parameter_Code,Parameter_Name,Units,,,,,,,,,,,,,,,
39,Dewpoint_Temperature,Deg_C,,,,,,,,,,,,,,,
,,,,,,,,,,,,,,,,,
WMO_Number,Parameter_Code,Calculation_Name,Calculation_Code,January,February,March,April,May,June,July,August,September,October,November,December,Annual,
40831,39,Mean,1,6.7,5.9,7.1,9.6,10.1,9.3,11.6,13.1,11.6,11.8,9.7,7.8,9.5,
40831,39,NOY,98,30.0,30.0,30.0,30.0,30.0,30.0,30.0,30.0,30.0,30.0,30.0,30.0,30.0,
,,,,,,,,,,,,,,,,,
,,,,,,,,,,,,,,,,,
,,,,,,,,,,,,,,,,,
Parameter_Code,Parameter_Name,Units,,,,,,,,,,,,,,,
42,Calm_Winds,hours,,,,,,,,,,,,,,,
,,,,,,,,,,,,,,,,,
WMO_Number,Parameter_Code,Calculation_Name,Calculation_Code,January,February,March,April,May,June,July,August,September,October,November,December,Annual,
40831,42,Sum,4,95.1,68.7,70.0,63.0,58.1,37.6,37.4,48.8,62.6,94.7,92.4,100.6,829.0,
40831,42,NOY,98,29.0,29.0,29.0,29.0,29.0,29.0,29.0,29.0,29.0,29.0,29.0,29.0,29.0,
,,,,,,,,,,,,,,,,,
,,,,,,,,,,,,,,,,,
,,,,,,,,,,,,,,,,,
Parameter_Code,Parameter_Name,Units,,,,,,,,,,,,,,,
43,Number_Days_with_Sandstorm/Thick Dust/Haze,count,,,,,,,,,,,,,,,
,,,,,,,,,,,,,,,,,
WMO_Number,Parameter_Code,Calculation_Name,Calculation_Code,January,February,March,April,May,June,July,August,September,October,November,December,Annual,
40831,43,Count,5,18.2,16.3,15.5,15.7,18.5,18.3,20.3,19.6,18.4,20.0,17.7,19.1,217.6,
40831,43,NOY,98,30.0,30.0,30.0,30.0,30.0,30.0,30.0,30.0,30.0,30.0,30.0,30.0,30.0,
,,,,,,,,,,,,,,,,,
,,,,,,,,,,,,,,,,,
,,,,,,,,,,,,,,,,,
Parameter_Code,Parameter_Name,Units,,,,,,,,,,,,,,,
44,Number_Days_with_Measurable_Bright_Sunshine,count,,,,,,,,,,,,,,,
,,,,,,,,,,,,,,,,,
WMO_Number,Parameter_Code,Calculation_Name,Calculation_Code,January,February,March,April,May,June,July,August,September,October,November,December,Annual,
40831,44,count,5,25.0,23.1,27.1,25.1,26.5,25.9,26.6,27.9,26.9,27.7,26.2,26.4,314.4,
40831,44,NOY,98,26.0,26.0,27.0,26.0,26.0,26.0,26.0,27.0,27.0,27.0,27.0,27.0,23.0,
,,,,,,,,,,,,,,,,,
,,,,,,,,,,,,,,,,,
,,,,,,,,,,,,,,,,,
Parameter_Code,Parameter_Name,Units,,,,,,,,,,,,,,,
45,Number_Days_with_Lightning,count,,,,,,,,,,,,,,,
,,,,,,,,,,,,,,,,,
WMO_Number,Parameter_Code,Calculation_Name,Calculation_Code,January,February,March,April,May,June,July,August,September,October,November,December,Annual,
40831,45,Count,5,0.1,0.1,0.1,0.2,0.1,0.0,0.0,0.0,0.0,0.0,0.3,0.2,1.1,
40831,45,NOY,98,30.0,30.0,30.0,30.0,30.0,30.0,30.0,30.0,30.0,30.0,30.0,30.0,30.0,
,,,,,,,,,,,,,,,,,
,,,,,,,,,,,,,,,,,
,,,,,,,,,,,,,,,,,
Parameter_Code,Parameter_Name,Units,,,,,,,,,,,,,,,
46,Number_Days_with_Rain_Showers,count,,,,,,,,,,,,,,,
,,,,,,,,,,,,,,,,,
WMO_Number,Parameter_Code,Calculation_Name,Calculation_Code,January,February,March,April,May,June,July,August,September,October,November,December,Annual,
40831,46,Count,5,1.3,1.4,2.1,1.3,0.4,0.1,0.0,0.0,0.1,0.7,1.9,1.5,10.8,
40831,46,NOY,98,30.0,30.0,30.0,30.0,30.0,30.0,30.0,30.0,30.0,30.0,30.0,30.0,30.0,
,,,,,,,,,,,,,,,,,
,,,,,,,,,,,,,,,,,
,,,,,,,,,,,,,,,,,
Parameter_Code,Parameter_Name,Units,,,,,,,,,,,,,,,
47,Number_Days_with_Snowfall,count,,,,,,,,,,,,,,,
,,,,,,,,,,,,,,,,,
WMO_Number,Parameter_Code,Calculation_Name,Calculation_Code,January,February,March,April,May,June,July,August,September,October,November,December,Annual,
40831,47,Count,5,0.2,0.4,0.4,0.5,0.2,0.0,0.0,0.0,0.0,0.3,0.8,0.5,3.3,
40831,47,NOY,98,30.0,30.0,30.0,30.0,30.0,30.0,30.0,30.0,30.0,30.0,30.0,30.0,30.0,
,,,,,,,,,,,,,,,,,
,,,,,,,,,,,,,,,,,
,,,,,,,,,,,,,,,,,
Parameter_Code,Parameter_Name,Units,,,,,,,,,,,,,,,
48,Number_Days_with_Fog/Ice_Fog,count,,,,,,,,,,,,,,,
,,,,,,,,,,,,,,,,,
WMO_Number,Parameter_Code,Calculation_Name,Calculation_Code,January,February,March,April,May,June,July,August,September,October,November,December,Annual,
40831,48,Count,5,2.5,0.6,0.2,0.0,0.0,0.0,0.0,0.1,0.7,1.5,1.0,2.6,9.2,
40831,48,NOY,98,30.0,30.0,30.0,30.0,30.0,30.0,30.0,30.0,30.0,30.0,30.0,30.0,30.0,
,,,,,,,,,,,,,,,,,
,,,,,,,,,,,,,,,,,
,,,,,,,,,,,,,,,,,
Parameter_Code,Parameter_Name,Units,,,,,,,,,,,,,,,
49,Number_Days_with_Fog_Sky_Obscured,count,,,,,,,,,,,,,,,
,,,,,,,,,,,,,,,,,
WMO_Number,Parameter_Code,Calculation_Name,Calculation_Code,January,February,March,April,May,June,July,August,September,October,November,December,Annual,
40831,49,Count,5,1.6,0.4,0.1,0.0,0.0,0.0,0.0,0.0,0.3,1.0,0.6,1.8,5.8,
40831,49,NOY,98,30.0,30.0,30.0,30.0,30.0,30.0,30.0,30.0,30.0,30.0,30.0,30.0,30.0,
,,,,,,,,,,,,,,,,,
,,,,,,,,,,,,,,,,,
,,,,,,,,,,,,,,,,,
Parameter_Code,Parameter_Name,Units,,,,,,,,,,,,,,,
50,Number_Days_with_Fog_Sky_Unobscured,count,,,,,,,,,,,,,,,
,,,,,,,,,,,,,,,,,
WMO_Number,Parameter_Code,Calculation_Name,Calculation_Code,January,February,March,April,May,June,July,August,September,October,November,December,Annual,
40831,50,Count,5,1.3,0.3,0.1,0.0,0.0,0.0,0.0,0.0,0.5,0.8,0.6,1.0,4.6,
40831,50,NOY,98,30.0,30.0,30.0,30.0,30.0,30.0,30.0,30.0,30.0,30.0,30.0,30.0,30.0,
,,,,,,,,,,,,,,,,,
,,,,,,,,,,,,,,,,,
,,,,,,,,,,,,,,,,,
Parameter_Code,Parameter_Name,Units,,,,,,,,,,,,,,,
51,Number_Days_with_Haze/Smoke,count,,,,,,,,,,,,,,,
,,,,,,,,,,,,,,,,,
WMO_Number,Parameter_Code,Calculation_Name,Calculation_Code,January,February,March,April,May,June,July,August,September,October,November,December,Annual,
40831,51,Count,5,17.0,13.8,11.9,11.9,11.4,10.0,12.5,15.6,15.3,17.5,16.8,18.8,172.5,
40831,51,NOY,98,30.0,30.0,30.0,30.0,30.0,30.0,30.0,30.0,30.0,30.0,30.0,30.0,30.0,
,,,,,,,,,,,,,,,,,
,,,,,,,,,,,,,,,,,
,,,,,,,,,,,,,,,,,
Parameter_Code,Parameter_Name,Units,,,,,,,,,,,,,,,
52,Number_Days_with_Dust,count,,,,,,,,,,,,,,,
,,,,,,,,,,,,,,,,,
WMO_Number,Parameter_Code,Calculation_Name,Calculation_Code,January,February,March,April,May,June,July,August,September,October,November,December,Annual,
40831,52,Count,5,2.3,4.9,6.0,7.4,10.6,11.8,11.9,6.9,5.2,4.3,2.1,1.2,74.6,
40831,52,NOY,98,30.0,30.0,30.0,30.0,30.0,30.0,30.0,30.0,30.0,30.0,30.0,30.0,30.0,
,,,,,,,,,,,,,,,,,
,,,,,,,,,,,,,,,,,
,,,,,,,,,,,,,,,,,
Parameter_Code,Parameter_Name,Units,,,,,,,,,,,,,,,
53,Number_Days_with_Blowing_Dust/Sand,count,,,,,,,,,,,,,,,
,,,,,,,,,,,,,,,,,
WMO_Number,Parameter_Code,Calculation_Name,Calculation_Code,January,February,March,April,May,June,July,August,September,October,November,December,Annual,
40831,53,Count,5,2.3,4.9,6.0,7.4,10.6,11.8,11.9,6.9,5.2,4.3,2.1,1.2,74.6,
40831,53,NOY,98,30.0,30.0,30.0,30.0,30.0,30.0,30.0,30.0,30.0,30.0,30.0,30.0,30.0,
,,,,,,,,,,,,,,,,,
,,,,,,,,,,,,,,,,,
,,,,,,,,,,,,,,,,,
Parameter_Code,Parameter_Name,Units,,,,,,,,,,,,,,,
55,Number_Days_with_No_Sunshine,count,,,,,,,,,,,,,,,
,,,,,,,,,,,,,,,,,
WMO_Number,Parameter_Code,Calculation_Name,Calculation_Code,January,February,March,April,May,June,July,August,September,October,November,December,Annual,
40831,55,count,5,1.9,1.4,0.8,0.9,0.4,0.1,0.2,0.0,0.1,0.2,0.8,1.5,8.3,
40831,55,NOY,98,26.0,26.0,27.0,26.0,26.0,26.0,26.0,27.0,27.0,27.0,27.0,27.0,23.0,
,,,,,,,,,,,,,,,,,
,,,,,,,,,,,,,,,,,
,,,,,,,,,,,,,,,,,
Parameter_Code,Parameter_Name,Units,,,,,,,,,,,,,,,
61,Number_Days_Maximum_Temperature_<=_25_Deg_C,count,,,,,,,,,,,,,,,
,,,,,,,,,,,,,,,,,
WMO_Number,Parameter_Code,Calculation_Name,Calculation_Code,January,February,March,April,May,June,July,August,September,October,November,December,Annual,
40831,61,count,5,30.7,24.3,10.2,0.5,0.0,0.0,0.0,0.0,0.0,0.1,10.0,28.1,103.9,
40831,61,NOY,98,30.0,30.0,30.0,30.0,30.0,30.0,30.0,30.0,30.0,30.0,30.0,30.0,30.0,
,,,,,,,,,,,,,,,,,
,,,,,,,,,,,,,,,,,
,,,,,,,,,,,,,,,,,
Parameter_Code,Parameter_Name,Units,,,,,,,,,,,,,,,
61,Number_Days_Maximum_Temperature_<=_30_Deg_C,count,,,,,,,,,,,,,,,
,,,,,,,,,,,,,,,,,
WMO_Number,Parameter_Code,Calculation_Name,Calculation_Code,January,February,March,April,May,June,July,August,September,October,November,December,Annual,
40831,61,count,5,31.0,28.2,25.6,6.4,0.1,0.0,0.0,0.0,0.0,1.6,23.4,31.0,147.3,
40831,61,NOY,98,30.0,30.0,30.0,30.0,30.0,30.0,30.0,30.0,30.0,30.0,30.0,30.0,30.0,
,,,,,,,,,,,,,,,,,
,,,,,,,,,,,,,,,,,
,,,,,,,,,,,,,,,,,
Parameter_Code,Parameter_Name,Units,,,,,,,,,,,,,,,
61,Number_Days_Maximum_Temperature_<=_35_Deg_C,count,,,,,,,,,,,,,,,
,,,,,,,,,,,,,,,,,
WMO_Number,Parameter_Code,Calculation_Name,Calculation_Code,January,February,March,April,May,June,July,August,September,October,November,December,Annual,
40831,61,count,5,31.0,28.2,30.2,21.0,2.6,0.0,0.0,0.0,0.1,9.3,29.6,31.0,183.0,
40831,61,NOY,98,30.0,30.0,30.0,30.0,30.0,30.0,30.0,30.0,30.0,30.0,30.0,30.0,30.0,
,,,,,,,,,,,,,,,,,
,,,,,,,,,,,,,,,,,
,,,,,,,,,,,,,,,,,
Parameter_Code,Parameter_Name,Units,,,,,,,,,,,,,,,
61,Number_Days_Maximum_Temperature_<=_40_Deg_C,count,,,,,,,,,,,,,,,
,,,,,,,,,,,,,,,,,
WMO_Number,Parameter_Code,Calculation_Name,Calculation_Code,January,February,March,April,May,June,July,August,September,October,November,December,Annual,
40831,61,count,5,31.0,28.2,30.9,29.1,14.4,0.8,0.0,0.0,3.0,25.5,30.0,31.0,223.9,
40831,61,NOY,98,30.0,30.0,30.0,30.0,30.0,30.0,30.0,30.0,30.0,30.0,30.0,30.0,30.0,
,,,,,,,,,,,,,,,,,
,,,,,,,,,,,,,,,,,
,,,,,,,,,,,,,,,,,
Parameter_Code,Parameter_Name,Units,,,,,,,,,,,,,,,
62,Number_Days_Minimum_Temperature_>=_0_Deg_C,count,,,,,,,,,,,,,,,
,,,,,,,,,,,,,,,,,
WMO_Number,Parameter_Code,Calculation_Name,Calculation_Code,January,February,March,April,May,June,July,August,September,October,November,December,Annual,
40831,62,count,5,30.8,28.2,31.0,30.0,31.0,30.0,31.0,31.0,30.0,31.0,30.0,31.0,365.0,
40831,62,NOY,98,30.0,30.0,30.0,30.0,30.0,30.0,30.0,30.0,30.0,30.0,30.0,30.0,30.0,
,,,,,,,,,,,,,,,,,
,,,,,,,,,,,,,,,,,
,,,,,,,,,,,,,,,,,
Parameter_Code,Parameter_Name,Units,,,,,,,,,,,,,,,
63,Number_Days_with_Dust/Haze/Mist,count,,,,,,,,,,,,,,,
,,,,,,,,,,,,,,,,,
WMO_Number,Parameter_Code,Calculation_Name,Calculation_Code,January,February,March,April,May,June,July,August,September,October,November,December,Annual,
40831,63,Count,5,24.9,18.8,17.8,16.4,18.7,18.4,20.4,19.9,18.6,21.2,20.2,24.7,240.0,
40831,63,NOY,98,30.0,30.0,30.0,30.0,30.0,30.0,30.0,30.0,30.0,30.0,30.0,30.0,30.0,
,,,,,,,,,,,,,,,,,
,,,,,,,,,,,,,,,,,
,,,,,,,,,,,,,,,,,
Parameter_Code,Parameter_Name,Units,,,,,,,,,,,,,,,
64,Number_Days_Maximum_Temperature_>_25_Deg_C,count,,,,,,,,,,,,,,,
,,,,,,,,,,,,,,,,,
WMO_Number,Parameter_Code,Calculation_Name,Calculation_Code,January,February,March,April,May,June,July,August,September,October,November,December,Annual,
40831,64,count,5,0.3,3.9,20.8,29.5,31.0,30.0,31.0,31.0,30.0,30.9,20.0,2.9,261.3,
40831,64,NOY,98,30.0,30.0,30.0,30.0,30.0,30.0,30.0,30.0,30.0,30.0,30.0,30.0,30.0,
,,,,,,,,,,,,,,,,,
,,,,,,,,,,,,,,,,,
,,,,,,,,,,,,,,,,,
Parameter_Code,Parameter_Name,Units,,,,,,,,,,,,,,,
64,Number_Days_Maximum_Temperature_>_30_Deg_C,count,,,,,,,,,,,,,,,
,,,,,,,,,,,,,,,,,
WMO_Number,Parameter_Code,Calculation_Name,Calculation_Code,January,February,March,April,May,June,July,August,September,October,November,December,Annual,
40831,64,count,5,0.0,0.0,5.4,23.6,30.9,30.0,31.0,31.0,30.0,29.4,6.6,0.0,217.9,
40831,64,NOY,98,30.0,30.0,30.0,30.0,30.0,30.0,30.0,30.0,30.0,30.0,30.0,30.0,30.0,
,,,,,,,,,,,,,,,,,
,,,,,,,,,,,,,,,,,
,,,,,,,,,,,,,,,,,
Parameter_Code,Parameter_Name,Units,,,,,,,,,,,,,,,
64,Number_Days_Maximum_Temperature_>_35_Deg_C,count,,,,,,,,,,,,,,,
,,,,,,,,,,,,,,,,,
WMO_Number,Parameter_Code,Calculation_Name,Calculation_Code,January,February,March,April,May,June,July,August,September,October,November,December,Annual,
40831,64,count,5,0.0,0.0,0.8,9.0,28.4,30.0,31.0,31.0,29.9,21.7,0.4,0.0,182.2,
40831,64,NOY,98,30.0,30.0,30.0,30.0,30.0,30.0,30.0,30.0,30.0,30.0,30.0,30.0,30.0,
,,,,,,,,,,,,,,,,,
,,,,,,,,,,,,,,,,,
,,,,,,,,,,,,,,,,,
Parameter_Code,Parameter_Name,Units,,,,,,,,,,,,,,,
64,Number_Days_Maximum_Temperature_>_40_Deg_C,count,,,,,,,,,,,,,,,
,,,,,,,,,,,,,,,,,
WMO_Number,Parameter_Code,Calculation_Name,Calculation_Code,January,February,March,April,May,June,July,August,September,October,November,December,Annual,
40831,64,count,5,0.0,0.0,0.1,0.9,16.6,29.2,31.0,31.0,27.0,5.5,0.0,0.0,141.3,
40831,64,NOY,98,30.0,30.0,30.0,30.0,30.0,30.0,30.0,30.0,30.0,30.0,30.0,30.0,30.0,
,,,,,,,,,,,,,,,,,
,,,,,,,,,,,,,,,,,
,,,,,,,,,,,,,,,,,
Parameter_Code,Parameter_Name,Units,,,,,,,,,,,,,,,
65,Number_Days_Maximum_Temperature_<_25_Deg_C,count,,,,,,,,,,,,,,,
,,,,,,,,,,,,,,,,,
WMO_Number,Parameter_Code,Calculation_Name,Calculation_Code,January,February,March,April,May,June,July,August,September,October,November,December,Annual,
40831,65,count,5,30.7,23.8,9.7,0.5,0.0,0.0,0.0,0.0,0.0,0.1,9.6,27.6,102.0,
40831,65,NOY,98,30.0,30.0,30.0,30.0,30.0,30.0,30.0,30.0,30.0,30.0,30.0,30.0,30.0,
,,,,,,,,,,,,,,,,,
,,,,,,,,,,,,,,,,,
,,,,,,,,,,,,,,,,,
Parameter_Code,Parameter_Name,Units,,,,,,,,,,,,,,,
65,Number_Days_Maximum_Temperature_<_30_Deg_C,count,,,,,,,,,,,,,,,
,,,,,,,,,,,,,,,,,
WMO_Number,Parameter_Code,Calculation_Name,Calculation_Code,January,February,March,April,May,June,July,August,September,October,November,December,Annual,
40831,65,count,5,31.0,28.2,25.1,5.6,0.1,0.0,0.0,0.0,0.0,1.4,22.9,31.0,145.3,
40831,65,NOY,98,30.0,30.0,30.0,30.0,30.0,30.0,30.0,30.0,30.0,30.0,30.0,30.0,30.0,
,,,,,,,,,,,,,,,,,
,,,,,,,,,,,,,,,,,
,,,,,,,,,,,,,,,,,
Parameter_Code,Parameter_Name,Units,,,,,,,,,,,,,,,
65,Number_Days_Maximum_Temperature_<_35_Deg_C,count,,,,,,,,,,,,,,,
,,,,,,,,,,,,,,,,,
WMO_Number,Parameter_Code,Calculation_Name,Calculation_Code,January,February,March,April,May,June,July,August,September,October,November,December,Annual,
40831,65,count,5,31.0,28.2,30.2,20.5,2.4,0.0,0.0,0.0,0.1,8.7,29.5,31.0,181.6,
40831,65,NOY,98,30.0,30.0,30.0,30.0,30.0,30.0,30.0,30.0,30.0,30.0,30.0,30.0,30.0,
,,,,,,,,,,,,,,,,,
,,,,,,,,,,,,,,,,,
,,,,,,,,,,,,,,,,,
Parameter_Code,Parameter_Name,Units,,,,,,,,,,,,,,,
65,Number_Days_Maximum_Temperature_<_40_Deg_C,count,,,,,,,,,,,,,,,
,,,,,,,,,,,,,,,,,
WMO_Number,Parameter_Code,Calculation_Name,Calculation_Code,January,February,March,April,May,June,July,August,September,October,November,December,Annual,
40831,65,count,5,31.0,28.2,30.9,29.0,13.5,0.7,0.0,0.0,2.7,24.7,30.0,31.0,221.7,
40831,65,NOY,98,30.0,30.0,30.0,30.0,30.0,30.0,30.0,30.0,30.0,30.0,30.0,30.0,30.0,
,,,,,,,,,,,,,,,,,
,,,,,,,,,,,,,,,,,
,,,,,,,,,,,,,,,,,
Parameter_Code,Parameter_Name,Units,,,,,,,,,,,,,,,
66,Number_Days_Minimum_Temperature_>_0_Deg_C,count,,,,,,,,,,,,,,,
,,,,,,,,,,,,,,,,,
WMO_Number,Parameter_Code,Calculation_Name,Calculation_Code,January,February,March,April,May,June,July,August,September,October,November,December,Annual,
40831,66,count,5,30.7,28.2,31.0,30.0,31.0,30.0,31.0,31.0,30.0,31.0,30.0,31.0,364.9,
40831,66,NOY,98,30.0,30.0,30.0,30.0,30.0,30.0,30.0,30.0,30.0,30.0,30.0,30.0,30.0,
,,,,,,,,,,,,,,,,,
,,,,,,,,,,,,,,,,,
,,,,,,,,,,,,,,,,,
Parameter_Code,Parameter_Name,Units,,,,,,,,,,,,,,,
67,Number_Days_Minimum_Temperature_<_0_Deg_C,count,,,,,,,,,,,,,,,
,,,,,,,,,,,,,,,,,
WMO_Number,Parameter_Code,Calculation_Name,Calculation_Code,January,February,March,April,May,June,July,August,September,October,November,December,Annual,
40831,67,count,5,0.2,0.1,0.0,0.0,0.0,0.0,0.0,0.0,0.0,0.0,0.0,0.0,0.3,
40831,67,NOY,98,30.0,30.0,30.0,30.0,30.0,30.0,30.0,30.0,30.0,30.0,30.0,30.0,30.0,
,,,,,,,,,,,,,,,,,
,,,,,,,,,,,,,,,,,
,,,,,,,,,,,,,,,,,
Parameter_Code,Parameter_Name,Units,,,,,,,,,,,,,,,
69,Number_Days_with_Freezing_Rain/Drizzle,count,,,,,,,,,,,,,,,
,,,,,,,,,,,,,,,,,
WMO_Number,Parameter_Code,Calculation_Name,Calculation_Code,January,February,March,April,May,June,July,August,September,October,November,December,Annual,
40831,69,Count,5,0.0,0.0,0.0,0.0,0.0,0.0,0.0,0.0,0.0,0.0,0.0,0.0,0.0,
40831,69,NOY,98,30.0,30.0,30.0,30.0,30.0,30.0,30.0,30.0,30.0,30.0,30.0,30.0,30.0,
,,,,,,,,,,,,,,,,,
,,,,,,,,,,,,,,,,,
,,,,,,,,,,,,,,,,,
Parameter_Code,Parameter_Name,Units,,,,,,,,,,,,,,,
70,Number_Days_with_Blowing_Snow,count,,,,,,,,,,,,,,,
,,,,,,,,,,,,,,,,,
WMO_Number,Parameter_Code,Calculation_Name,Calculation_Code,January,February,March,April,May,June,July,August,September,October,November,December,Annual,
40831,70,Count,5,0.0,0.0,0.0,0.0,0.0,0.0,0.0,0.0,0.0,0.0,0.0,0.0,0.0,
40831,70,NOY,98,30.0,30.0,30.0,30.0,30.0,30.0,30.0,30.0,30.0,30.0,30.0,30.0,30.0,
,,,,,,,,,,,,,,,,,
,,,,,,,,,,,,,,,,,
,,,,,,,,,,,,,,,,,
Parameter_Code,Parameter_Name,Units,,,,,,,,,,,,,,,
71,Number_Days_with_Rain/Drizzle,count,,,,,,,,,,,,,,,
,,,,,,,,,,,,,,,,,
WMO_Number,Parameter_Code,Calculation_Name,Calculation_Code,January,February,March,April,May,June,July,August,September,October,November,December,Annual,
40831,71,Count,5,3.4,2.1,1.5,0.6,0.1,0.0,0.0,0.0,0.0,0.2,1.6,2.6,12.1,
40831,71,NOY,98,30.0,30.0,30.0,30.0,30.0,30.0,30.0,30.0,30.0,30.0,30.0,30.0,30.0,
,,,,,,,,,,,,,,,,,
,,,,,,,,,,,,,,,,,
,,,,,,,,,,,,,,,,,
Parameter_Code,Parameter_Name,Units,,,,,,,,,,,,,,,
72,Number_Days_with_Snow/Hail,count,,,,,,,,,,,,,,,
,,,,,,,,,,,,,,,,,
WMO_Number,Parameter_Code,Calculation_Name,Calculation_Code,January,February,March,April,May,June,July,August,September,October,November,December,Annual,
40831,72,Count,5,0.2,0.4,0.4,0.6,0.2,0.0,0.0,0.0,0.0,0.3,0.8,0.5,3.4,
40831,72,NOY,98,30.0,30.0,30.0,30.0,30.0,30.0,30.0,30.0,30.0,30.0,30.0,30.0,30.0,
,,,,,,,,,,,,,,,,,
,,,,,,,,,,,,,,,,,
,,,,,,,,,,,,,,,,,
Parameter_Code,Parameter_Name,Units,,,,,,,,,,,,,,,
73,Number_Days_with_Fog/Mist,count,,,,,,,,,,,,,,,
,,,,,,,,,,,,,,,,,
WMO_Number,Parameter_Code,Calculation_Name,Calculation_Code,January,February,March,April,May,June,July,August,September,October,November,December,Annual,
40831,73,Count,5,17.0,8.7,5.4,2.1,0.5,0.3,1.5,3.1,3.9,6.9,8.8,16.8,75.0,
40831,73,NOY,98,30.0,30.0,30.0,30.0,30.0,30.0,30.0,30.0,30.0,30.0,30.0,30.0,30.0,
,,,,,,,,,,,,,,,,,
,,,,,,,,,,,,,,,,,
,,,,,,,,,,,,,,,,,
Parameter_Code,Parameter_Name,Units,,,,,,,,,,,,,,,
74,Number_Days_with_Ice_Storm,count,,,,,,,,,,,,,,,
,,,,,,,,,,,,,,,,,
WMO_Number,Parameter_Code,Calculation_Name,Calculation_Code,January,February,March,April,May,June,July,August,September,October,November,December,Annual,
40831,74,Count,5,0.0,0.0,0.0,0.0,0.0,0.0,0.0,0.0,0.0,0.0,0.0,0.0,0.0,
40831,74,NOY,98,30.0,30.0,30.0,30.0,30.0,30.0,30.0,30.0,30.0,30.0,30.0,30.0,30.0,
,,,,,,,,,,,,,,,,,
,,,,,,,,,,,,,,,,,
,,,,,,,,,,,,,,,,,
Parameter_Code,Parameter_Name,Units,,,,,,,,,,,,,,,
75,Number_Days_with_Thick_Haze,count,,,,,,,,,,,,,,,
,,,,,,,,,,,,,,,,,
WMO_Number,Parameter_Code,Calculation_Name,Calculation_Code,January,February,March,April,May,June,July,August,September,October,November,December,Annual,
40831,75,Count,5,16.9,13.8,11.7,11.6,11.4,9.9,12.5,15.4,15.3,17.5,16.8,18.8,171.6,
40831,75,NOY,98,30.0,30.0,30.0,30.0,30.0,30.0,30.0,30.0,30.0,30.0,30.0,30.0,30.0,
,,,,,,,,,,,,,,,,,
,,,,,,,,,,,,,,,,,
,,,,,,,,,,,,,,,,,
Parameter_Code,Parameter_Name,Units,,,,,,,,,,,,,,,
76,Number_Days_with_Rising_Sand,count,,,,,,,,,,,,,,,
,,,,,,,,,,,,,,,,,
WMO_Number,Parameter_Code,Calculation_Name,Calculation_Code,January,February,March,April,May,June,July,August,September,October,November,December,Annual,
40831,76,Count,5,0.6,1.2,1.7,1.9,2.9,5.0,5.0,4.3,3.1,2.0,1.2,0.3,29.2,
40831,76,NOY,98,30.0,30.0,30.0,30.0,30.0,30.0,30.0,30.0,30.0,30.0,30.0,30.0,30.0,
,,,,,,,,,,,,,,,,,
,,,,,,,,,,,,,,,,,
,,,,,,,,,,,,,,,,,
Parameter_Code,Parameter_Name,Units,,,,,,,,,,,,,,,
77,Number_Days_with_Mist,count,,,,,,,,,,,,,,,
,,,,,,,,,,,,,,,,,
WMO_Number,Parameter_Code,Calculation_Name,Calculation_Code,January,February,March,April,May,June,July,August,September,October,November,December,Annual,
40831,77,Count,5,16.7,8.5,5.4,2.1,0.5,0.3,1.5,3.1,3.7,6.6,8.8,16.6,73.8,
40831,77,NOY,98,30.0,30.0,30.0,30.0,30.0,30.0,30.0,30.0,30.0,30.0,30.0,30.0,30.0,
,,,,,,,,,,,,,,,,,
,,,,,,,,,,,,,,,,,
,,,,,,,,,,,,,,,,,
Parameter_Code,Parameter_Name,Units,,,,,,,,,,,,,,,
78,Number_Days_with_Squalls,count,,,,,,,,,,,,,,,
,,,,,,,,,,,,,,,,,
WMO_Number,Parameter_Code,Calculation_Name,Calculation_Code,January,February,March,April,May,June,July,August,September,October,November,December,Annual,
40831,78,Count,5,0.0,0.0,0.0,0.0,0.0,0.0,0.0,0.0,0.0,0.0,0.0,0.0,0.0,
40831,78,NOY,98,30.0,30.0,30.0,30.0,30.0,30.0,30.0,30.0,30.0,30.0,30.0,30.0,30.0,
,,,,,,,,,,,,,,,,,
,,,,,,,,,,,,,,,,,
,,,,,,,,,,,,,,,,,
Parameter_Code,Parameter_Name,Units,,,,,,,,,,,,,,,
79,Number_Days_with_Duststorm/Sandstorm,count,,,,,,,,,,,,,,,
,,,,,,,,,,,,,,,,,
WMO_Number,Parameter_Code,Calculation_Name,Calculation_Code,January,February,March,April,May,June,July,August,September,October,November,December,Annual,
40831,79,Count,5,0.0,0.0,0.0,0.0,0.1,0.0,0.0,0.0,0.0,0.0,0.0,0.0,0.1,
40831,79,NOY,98,30.0,30.0,30.0,30.0,30.0,30.0,30.0,30.0,30.0,30.0,30.0,30.0,30.0,
,,,,,,,,,,,,,,,,,
,,,,,,,,,,,,,,,,,
,,,,,,,,,,,,,,,,,
Parameter_Code,Parameter_Name,Units,,,,,,,,,,,,,,,
80,Number_Days_with_Sleet/Snow,count,,,,,,,,,,,,,,,
,,,,,,,,,,,,,,,,,
WMO_Number,Parameter_Code,Calculation_Name,Calculation_Code,January,February,March,April,May,June,July,August,September,October,November,December,Annual,
40831,80,Count,5,0.2,0.4,0.4,0.5,0.2,0.0,0.0,0.0,0.0,0.3,0.8,0.5,3.3,
40831,80,NOY,98,30.0,30.0,30.0,30.0,30.0,30.0,30.0,30.0,30.0,30.0,30.0,30.0,30.0,
,,,,,,,,,,,,,,,,,
,,,,,,,,,,,,,,,,,
,,,,,,,,,,,,,,,,,
Parameter_Code,Parameter_Name,Units,,,,,,,,,,,,,,,
81,Number_Days_with_Fog,count,,,,,,,,,,,,,,,
,,,,,,,,,,,,,,,,,
WMO_Number,Parameter_Code,Calculation_Name,Calculation_Code,January,February,March,April,May,June,July,August,September,October,November,December,Annual,
40831,81,Count,5,2.5,0.6,0.2,0.0,0.0,0.0,0.0,0.1,0.7,1.5,1.0,2.6,9.2,
40831,81,NOY,98,30.0,30.0,30.0,30.0,30.0,30.0,30.0,30.0,30.0,30.0,30.0,30.0,30.0,
,,,,,,,,,,,,,,,,,
,,,,,,,,,,,,,,,,,
,,,,,,,,,,,,,,,,,
Parameter_Code,Parameter_Name,Units,,,,,,,,,,,,,,,
82,Number_of_Days_with_Wind_Speed_>=_10_m/s,count,,,,,,,,,,,,,,,
,,,,,,,,,,,,,,,,,
WMO_Number,Parameter_Code,Calculation_Name,Calculation_Code,January,February,March,April,May,June,July,August,September,October,November,December,Annual,
40831,82,count,5,1.9,3.4,4.3,5.5,6.5,11.3,10.1,7.3,5.1,2.1,2.1,1.5,61.1,
40831,82,NOY,98,30.0,30.0,30.0,30.0,30.0,30.0,30.0,30.0,30.0,30.0,30.0,30.0,30.0,
,,,,,,,,,,,,,,,,,
,,,,,,,,,,,,,,,,,
,,,,,,,,,,,,,,,,,
Parameter_Code,Parameter_Name,Units,,,,,,,,,,,,,,,
82,Number_of_Days_with_Wind_Speed_>=_20_m/s,count,,,,,,,,,,,,,,,
,,,,,,,,,,,,,,,,,
WMO_Number,Parameter_Code,Calculation_Name,Calculation_Code,January,February,March,April,May,June,July,August,September,October,November,December,Annual,
40831,82,count,5,0.0,0.0,0.1,0.1,0.1,0.0,0.0,0.0,0.0,0.0,0.0,0.0,0.3,
40831,82,NOY,98,30.0,30.0,30.0,30.0,30.0,30.0,30.0,30.0,30.0,30.0,30.0,30.0,30.0,
,,,,,,,,,,,,,,,,,
,,,,,,,,,,,,,,,,,
,,,,,,,,,,,,,,,,,
Parameter_Code,Parameter_Name,Units,,,,,,,,,,,,,,,
82,Number_of_Days_with_Wind_Speed_>=_30_m/s,count,,,,,,,,,,,,,,,
,,,,,,,,,,,,,,,,,
WMO_Number,Parameter_Code,Calculation_Name,Calculation_Code,January,February,March,April,May,June,July,August,September,October,November,December,Annual,
40831,82,count,5,0.0,0.0,0.0,0.0,0.0,0.0,0.0,0.0,0.0,0.0,0.0,0.0,0.0,
40831,82,NOY,98,30.0,30.0,30.0,30.0,30.0,30.0,30.0,30.0,30.0,30.0,30.0,30.0,30.0,
,,,,,,,,,,,,,,,,,
,,,,,,,,,,,,,,,,,
,,,,,,,,,,,,,,,,,
Parameter_Code,Parameter_Name,Units,,,,,,,,,,,,,,,
99,Calm_Winds,Count,,,,,,,,,,,,,,,
,,,,,,,,,,,,,,,,,
WMO_Number,Parameter_Code,Calculation_Name,Calculation_Code,January,February,March,April,May,June,July,August,September,October,November,December,Annual,
40831,99,Count,5,2.5,1.2,1.0,0.7,0.4,0.5,0.2,0.4,0.9,2.3,2.4,2.7,15.2,
40831,99,NOY,98,30.0,30.0,30.0,30.0,30.0,30.0,30.0,30.0,30.0,30.0,30.0,30.0,30.0,
,,,,,,,,,,,,,,,,,
,,,,,,,,,,,,,,,,,
,,,,,,,,,,,,,,,,,
Parameter_Code,Parameter_Name,Units,,,,,,,,,,,,,,,
99,Number_of_Days_with_Visibility_>_5000_m,count,,,,,,,,,,,,,,,
,,,,,,,,,,,,,,,,,
WMO_Number,Parameter_Code,Calculation_Name,Calculation_Code,January,February,March,April,May,June,July,August,September,October,November,December,Annual,
40831,99,count,5,14.8,16.8,22.6,22.3,22.1,20.7,19.7,21.1,21.0,19.3,19.6,15.0,235.0,
40831,99,NOY,98,30.0,30.0,30.0,30.0,30.0,30.0,30.0,30.0,30.0,30.0,30.0,30.0,30.0,
,,,,,,,,,,,,,,,,,
,,,,,,,,,,,,,,,,,
,,,,,,,,,,,,,,,,,
Parameter_Code,Parameter_Name,Units,,,,,,,,,,,,,,,
99,Number_of_Days_with_Visibility_>=_10000_m,count,,,,,,,,,,,,,,,
,,,,,,,,,,,,,,,,,
WMO_Number,Parameter_Code,Calculation_Name,Calculation_Code,January,February,March,April,May,June,July,August,September,October,November,December,Annual,
40831,99,count,5,5.4,8.8,12.0,12.5,12.2,11.3,10.5,11.0,11.3,9.5,9.1,5.9,119.5,
40831,99,NOY,98,30.0,30.0,30.0,30.0,30.0,30.0,30.0,30.0,30.0,30.0,30.0,30.0,30.0,
,,,,,,,,,,,,,,,,,
,,,,,,,,,,,,,,,,,
,,,,,,,,,,,,,,,,,
Parameter_Code,Parameter_Name,Units,,,,,,,,,,,,,,,
99,Highest_Value_of_Daily_Maximum_Wind_Speed,m/sec,,,,,,,,,,,,,,,
,,,,,,,,,,,,,,,,,
WMO_Number,Parameter_Code,Calculation_Name,Calculation_Code,January,February,March,April,May,June,July,August,September,October,November,December,Annual,
40831,99,MAX,2,18.0,24.0,43.0,20.0,24.0,18.0,20.0,24.0,24.0,19.0,15.0,16.0,43.0,
40831,99,NOY,98,30.0,30.0,30.0,30.0,30.0,30.0,30.0,30.0,30.0,30.0,30.0,30.0,30.0,
,,,,,,,,,,,,,,,,,
,,,,,,,,,,,,,,,,,
,,,,,,,,,,,,,,,,,
Parameter_Code,Parameter_Name,Units,,,,,,,,,,,,,,,
99,Direction of Highest_Value_of_Daily_Maximum_Wind_Speed,degrees,,,,,,,,,,,,,,,
,,,,,,,,,,,,,,,,,
WMO_Number,Parameter_Code,Calculation_Name,Calculation_Code,January,February,March,April,May,June,July,August,September,October,November,December,Annual,
40831,99,degrees,99,130.0,180.0,60.0,120-330,190.0,340.0,330.0,220.0,150.0,340.0,100-150-270,170.0,60.0,
40831,99,NOY,98,30.0,30.0,30.0,30.0,30.0,30.0,30.0,30.0,30.0,30.0,30.0,30.0,30.0,
,,,,,,,,,,,,,,,,,
,,,,,,,,,,,,,,,,,
